3669836
3606943
3607682
3698527
3698517
3581818
3699535
3698521
3699528
3698536
3698533
3698520
3698648
3698638
3116097
3114748
3117297
3114759
3116096
3698635
3114762
3114745
3443696
3443384
3583798
3581812
3443339
3117315
3038268
3068915
3045021
3026357
3693474
3693390
3578099
3437923
3693468
3038202
3026893
3037749
3037302
3125850
3580655
3582913
3699538
3581825
3698657
3583231
3583230
3699396
3109849
3047074
3441316
3441220
3698531
3613072
3341949
3563265
3328668
3248060
3517611
3601646
3698511
3698782
3698507
3699145
3046495
3038274
3117298
3038276
3698641
3698783
3698640
3698639
3698651
3698654
3114750
3068129
3052182
3115158
3049492
3116093
3038271
3045368
3698664
3699144
3125828
3442983
3443093
3583234
3050621
3114741
3125855
3440836
3607404
3614652
3564085
3629612
3600804
3306127
3638853
3593752
3641193
3306517
3203435
3589078
3696602
3437867
3036261
3436888
3577574
3691279
3437116
3457054
3437016
3035708
3035703
3035668
3035040
3695208
3693457
3693458
3693483
3693479
3693471
3435246
3435108
3434958
3021547
3033894
3032907
3439487
3579872
3579870
3579869
3579456
3579455
3579454
3693629
3693624
3693576
3439042
3578521
3439148
3695196
3695189
3694948
3694944
3694943
3694939
3690597
3690596
3690595
3576052
3576048
3435982
3019821
3028195
3438737
3438634
3438474
3578522
3691625
3025865
3025392
3436772
3688067
3565304
2954010
3577002
3436517
3022092
3576562
3020988
3018496
3434343
3575014
3574980
3434101
3017567
3689374
3690026
3017052
3574875
3015902
3574693
3003420
2988316
3002871
2987721
3432655
2985725
3573369
3573367
3689379
3689372
3406380
2984713
3572884
3572883
3689209
3431515
3431230
3431060
2986014
3572520
2984273
3689033
2980719
3688874
2978325
2978176
2976749
2973541
3571708
3571707
2970156
2971006
2969563
2967071
2966083
2965705
3110306
2965205
2963255
2962863
2962304
3115155
2961009
3688204
2960484
2961639
2958808
3570468
3687971
3570183
2953341
2957652
2948618
3569384
3569383
3687862
2947044
3044029
2946871
3043531
2948067
3043004
3451468
2976074
3687722
3568955
3042388
2541403
3687386
3687384
3040454
3040039
2981861
3406109
3687247
3565313
3341925
3684699
3684697
3341919
3341915
3687072
3559127
3329681
3403912
3403163
3686844
3400545
3400326
3399633
3568023
3568022
3399173
3450324
3398317
3397874
3397469
3451307
3686529
3686528
3393545
3686431
3392952
3391841
3390424
3390176
3567381
3567380
3567378
3388687
3388444
3388190
3387916
3567141
3567138
3387082
3385565
3686063
3384510
3384252
3382995
3200013
3382783
3382206
3380583
3378422
3378147
3377947
3377725
3377232
3377017
3376138
3685639
3685637
3685635
3685634
3375875
3375484
2539790
3374596
3566089
3373498
3372577
3372573
3372563
3370484
3367565
3685160
3366697
3365431
3347680
3347466
3565541
3346234
3684698
3329682
3446819
3684584
3341689
3341686
3565093
3341355
3341333
3341327
3340711
3340499
3340496
3340288
3340284
3340278
3684198
3447231
3340277
3340254
3681023
3340250
3565059
3564365
3430856
3430585
3563945
3563943
3406262
3428580
3428456
3683748
3683745
3683744
3563151
3563149
3563148
3563147
3683456
3424891
3561680
3561679
3683289
3561678
3568302
3306151
3306149
3557130
3557128
3466693
3560403
3560402
3682588
3682582
3682581
3682414
3554552
3554373
3467975
3681850
3559686
3559685
3559683
3329676
3681338
3329672
3681318
3681311
3681310
3328719
3328716
3328714
3328713
3328712
3328710
3328708
3328705
3328704
3558550
3311344
3311339
3311337
3311334
3311327
3310338
3310331
3310327
3310324
3680818
3558549
3310321
3558060
3558072
3558058
3680558
3424624
3310313
3310311
3310309
3310308
3310307
3310305
3310303
3557707
3307400
3307396
3307392
3467538
3424493
3307388
3307385
3307383
3307382
3307381
3307380
3307351
3424329
3307005
3680162
3680161
3680147
3306996
3306794
3306791
3306783
3556514
3556513
3556099
3679860
3555631
3555629
3423940
3555491
3555490
3555489
3425214
3554841
3421613
3554776
3419463
3422645
3554029
3679582
3679581
3679580
3679579
3418789
3553795
3553585
3553578
3679351
3418554
3553343
3553132
3418098
3552912
3417797
3552471
3679193
3552187
3416752
3305850
3551983
3551800
3305781
3551540
3305765
3305472
3305468
3550277
3678775
3678774
3550058
3549854
3549594
3549388
3678645
3305461
3305460
3548782
3305456
3305390
3548345
3305388
3305382
3678317
2569188
3304516
3304515
3304514
3304512
3304511
3466070
3304510
3301963
3545578
3301962
3678068
3678067
3678066
3545389
3301960
3301958
3544950
3301955
3301952
3677766
3301949
3544533
3301934
3301903
3301898
3544004
3677553
3543809
3294746
3294693
3542786
3109319
3294689
3542468
3677140
3677139
3541119
3676968
3540631
3540885
3540103
3676650
3109288
3676511
3434345
3676215
3676210
3538980
3675980
3538709
3538020
3675864
3285292
3285302
3285268
3285077
3285068
3285050
3285024
3285020
3537616
3675381
3537337
3455561
3284810
3284809
3675276
3536163
3284803
3675099
3675096
3675094
3675025
3675024
3675023
3675021
3675020
3675017
3675015
3675013
3675012
3674841
3674837
3674836
3674835
3674833
3674831
3674830
3674828
3674826
3674706
3674704
3674702
3674701
3674696
3674690
3674249
3534663
3535414
3540431
2496233
3284797
3284793
3283296
3283292
3535164
3283073
3283071
3534424
3283062
3282808
3282805
3534203
3282804
3282799
3282796
3534001
3282785
3669740
3282779
3282777
3669473
3669472
3669471
3669283
3669282
3669281
3669280
3669279
3280848
3665968
3280854
3279221
3666879
3667968
3665763
3661757
3665757
3282475
3667683
3665537
3282471
3282467
3661905
3665371
3661920
3282458
3282454
3531126
3282444
3665255
3533709
3665185
3665187
3667245
3667244
3665086
3278546
3662409
3531358
3666976
3278547
3665050
3666852
3282441
3281698
3666755
3664658
3281688
3662701
3281687
3664609
3278564
3278565
3278851
3281684
3662853
3664440
3666408
3666407
3666406
3532939
3662856
3531889
3666275
3664271
3278567
3532707
3279207
3663883
3663875
3666190
3663873
3279195
3280865
3666094
3532139
3532423
3280857
3280820
3279229
3663557
3663378
3663545
3279225
3280855
3280825
2958170
3661549
3530537
3654458
3657551
3657553
3654269
3415148
3654268
3446901
3646551
3661149
3651930
3646411
3516565
3277448
3277903
3649380
3651760
3637416
3657074
3653868
3656902
3654043
3507279
3516613
3414178
3644860
3517514
3644858
3517113
3642778
3497468
3660378
3660376
3660375
3645751
3645750
3645749
3002181
3414444
3653468
3528071
3244272
3651249
3656443
3451678
3653325
3659919
3448784
3651123
3656230
3220126
3648902
3648904
3526639
3659646
3277897
3650973
3656085
3648776
3653053
3653051
3525117
3277878
3655909
3652907
3641613
3650733
3650734
3655719
3526132
3648224
3658930
3525592
3525787
3655519
3648364
3652616
3658741
3519214
3640940
3524790
3655378
3524857
3652499
3650417
3650416
3511684
3655211
3648108
3652394
3658266
3647980
3650261
3647987
3647985
3647982
3647979
3652280
3658082
3641445
3654979
3516015
3644444
3642919
3522184
3524123
3647321
3649958
3654665
3522183
3652128
3652129
3642920
3657550
3509587
3646989
3651929
3649654
3649652
3528615
3646113
3646259
3277921
3277914
3529950
3656729
3656726
3277909
3649259
3651508
3651507
3277902
3277899
3277456
3641443
3509373
3640339
3515811
3414624
3277454
3275491
3265735
3273894
3273891
3645637
3513305
3642297
3642296
3512909
3518331
3645366
3414388
3645190
3641735
3641855
3507096
3638641
3507430
3269299
2985165
3414000
3413864
3413863
3644596
3642626
3638049
3511300
3638048
3640939
3511078
3640942
3638051
3512260
3644177
3644176
3644174
3510840
3270906
3640506
3509800
3640672
3270553
3270899
3515391
3274278
3637177
3221511
3643645
3270526
3515201
3640080
3640082
3640081
3640079
3643376
3410851
3619132
3514947
3643248
3514560
3273897
3642635
3498718
3513127
3512719
3269313
3269309
3641854
3641853
3264994
3408435
3269276
3268247
3511501
3637180
3637176
3492805
3619131
3508778
3639603
3639601
3500399
3497986
3265365
3639395
3265715
3497325
3638993
3265341
3269306
3496930
3264990
3268246
3506202
3268240
3505840
3505631
3268237
3268229
3505273
3268220
3268213
3504218
3268205
3413843
3503832
3503678
3503461
3503267
3637820
3268181
3637682
3637680
3204308
3413862
3268160
3634792
3264172
3268142
3501233
3268126
3500561
3499758
3636865
3265730
3265718
3636726
3636559
3492607
3497932
3265346
3265343
3264995
3410202
3636227
3636226
3636225
3635988
3635987
3264987
3264985
3019094
3264984
3496247
3264982
3264976
3264972
3633701
3264160
3264156
3631608
3495855
3264968
3495673
3264965
3635473
3264954
3495493
3264952
3264603
3264596
3264592
3264591
3264582
3264182
3635143
3635140
3494648
3633007
3264178
3259912
3481787
3494246
3494223
3493995
3264170
3412516
3017916
3634652
3412346
3411643
3620145
3411346
3411314
3634493
3493018
3264163
3492282
3409730
3634083
3634082
3634081
3634080
3633842
3631675
3487566
3617094
3633365
3633364
3633363
3407956
3620955
3486355
3264153
3629552
3490161
3620580
3264122
3632867
3264142
3485246
3632705
3484980
3632543
3611280
3619686
3632416
3632415
3620149
3620148
3259561
3619262
3484411
3259144
3255243
3610621
3614971
3259141
3632074
3488607
3406990
3631842
3631687
3631686
3631685
3631684
3631682
3631681
3487089
3264161
3483197
3617315
3256412
3256411
3256405
3256008
3621059
3621058
3264151
3263312
3620147
3619130
3619133
3259146
3615344
3615343
3614813
3259119
3617520
3617519
3257116
3257107
3256422
3256415
3479650
3255676
3263267
3616703
3616169
3616166
3616165
3259884
3611094
3615635
3610825
3480929
3259110
3259106
2972272
3614328
3614326
3258272
3257888
3257884
3479988
3257136
3613962
3479826
3257121
3613734
3257119
3613670
3613667
3613666
3256399
3256359
3612767
3256352
3255675
3255674
3255672
3255670
3255668
3255667
3255611
3255604
3255601
3255599
3255590
3611811
3611601
3611446
3255580
3491616
3255239
3254478
3610055
3610054
3610050
3254200
3254194
3254191
3365846
3254185
3232404
3254163
3609583
3254150
3609295
3473828
3253503
3608989
3253497
3472496
3608508
3608506
3608505
3253494
3252734
3252732
3252725
3252721
3252719
3252717
3252715
3252711
3607525
3470607
3252703
3252677
3248799
3248022
3247989
3469704
3469449
3606309
3606300
3247258
3606010
3247244
3469050
3247229
3605590
3605435
3493612
3247223
3245668
3245666
3245664
3245662
3467973
3467747
3245655
3244774
3467533
3235254
3235248
3235238
3235232
3604813
3604812
3604811
3492800
3235219
3604264
3232383
3232380
3232051
3232047
3604059
3466692
3603801
3232050
3232046
3232041
3232028
3232025
3603797
3466486
3231693
3231689
3231686
3231684
3231681
3231679
3231674
3602994
3602993
3602992
3231670
3602770
3231648
3231694
3231645
3602524
3231634
3230311
3230300
3229856
3229840
3229835
3229832
3229815
3231653
3229846
3229853
3229809
3229852
3229850
3461801
2950528
3229796
3229795
3229790
3229786
3601559
3601558
3601557
3229778
3241601
3229800
3232400
3232394
3232389
3229773
3229100
3460497
3222562
3222559
3222543
3601349
3222532
3222529
3459671
3221595
3221585
3460226
3601188
3221141
3600966
2950017
3600848
3601017
3600812
3221593
3458353
2946165
3221128
3600682
3600531
3221124
3221111
3221086
3600344
3457070
3221081
3600176
3456701
3456562
3221079
3406572
3455908
3455355
3455163
3221133
3221132
3255235
3221130
3454843
3437588
3221076
3221071
3221065
3221060
3221057
3220692
3220690
3220680
3453977
3220674
3220672
3220681
3453771
3221145
3220671
3220667
3220666
3220648
3220662
3220661
3221126
3220643
3220640
3220634
3220172
3220171
3220169
3220168
3220163
3453214
3220156
3452413
3220149
3220140
3220131
3219749
3178202
3219747
3451479
3219744
3451309
3219742
3451125
3219739
3219737
3177265
3186636
3186625
3450675
3186619
3186615
3186114
3186109
3186106
3188992
3597061
3597059
3176266
3170082
3449456
3170080
3170077
3170074
3170071
3170067
3170062
3170060
3170056
3169992
3594413
3594412
3594411
3449350
3170064
3169982
3169533
3169531
3169528
3168488
3168485
3168483
3449018
3168480
3168478
3168477
3168450
3168449
3168446
3168441
3168426
3448676
3168412
3168409
3168403
3166272
3166270
3166267
3166265
3448571
3166264
3166263
3166260
3448493
3166257
3166254
3166253
3166252
3165908
3448375
3165900
3448118
3165898
3448011
3165892
3447938
3165874
3447871
3165436
3165435
3165430
3165420
3165410
3165407
3447558
3165402
3160488
3160486
3447316
3160480
3160471
3447233
3160468
3160454
3159867
3159863
3447138
3159869
3159857
3159850
3159845
3159833
3159347
3159341
3159332
3446974
3446822
3592685
3159313
3159309
3155628
3154627
3154624
3154623
3154614
3446385
3154581
3154566
3154549
3154546
3154579
3154575
3154573
3154569
3154582
3154542
3154539
3154026
3154022
3154005
3134152
3134145
3131791
3129456
3119313
3119312
3119306
3118917
3118913
3126739
3118921
3119270
3119271
3119280
3119287
3119305
3126746
3118914
3119298
3119302
3119294
3119297
3119261
3119277
2944386
3118916
3117333
3117327
3117323
3117321
3117311
3117306
3117334
3117331
3117713
3117303
3443693
3515704
3310243
3375103
3563609
3299906
3249811
3340235
3546956
3347244
3334108
3259556
3326621
3095090
3537771
3272709
3315870
3316374
3526757
3390103
3321478
3371273
3298494
3394035
3509174
3507576
3369326
3408811
3356128
